lastAccountName: JakeyTheDev
timestamps:
  login: 1532117572554
  logout: 1532036692502
  lastteleport: 1532087939317
ipAddress: 127.0.0.1
afk: false
logoutlocation:
  world: ASkyBlock
  x: -1.3215203295935674
  y: 125.0
  z: 25.079622580843846
  yaw: -5.849945
  pitch: 8.400004
lastlocation:
  world: ASkyBlock
  x: 4.684394942743541
  y: -244.92962529109985
  z: 26.13779375631158
  yaw: 102.15002
  pitch: -90.0
